Enter size : 10


   1   1   0   1   2   0   1   3   0   1   4   0   1   5   0   1   6   0   1   7   0   1   8   0   1   9   0   1  10   0

   2   1   0   2   2   1   2   3   2   2   4   3   2   5   4   2   6   5   2   7   6   2   8   7   2   9   8   2  10   9

   3   1   0   3   2   2   3   3   4   3   4   6   3   5   8   3   6  10   3   7  12   3   8  14   3   9  16   3  10  18

   4   1   0   4   2   3   4   3   6   4   4   9   4   5  12   4   6  15   4   7  18   4   8  21   4   9  24   4  10  27

   5   1   0   5   2   4   5   3   8   5   4  12   5   5  16   5   6  20   5   7  24   5   8  28   5   9  32   5  10  36

   6   1   0   6   2   5   6   3  10   6   4  15   6   5  20   6   6  25   6   7  30   6   8  35   6   9  40   6  10  45

   7   1   0   7   2   6   7   3  12   7   4  18   7   5  24   7   6  30   7   7  36   7   8  42   7   9  48   7  10  54

   8   1   0   8   2   7   8   3  14   8   4  21   8   5  28   8   6  35   8   7  42   8   8  49   8   9  56   8  10  63

   9   1   0   9   2   8   9   3  16   9   4  24   9   5  32   9   6  40   9   7  48   9   8  56   9   9  64   9  10  72

  10   1   0  10   2   9  10   3  18  10   4  27  10   5  36  10   6  45  10   7  54  10   8  63  10   9  72  10  10  81

